%YAML:1.0
---
K: !!opencv-matrix
   rows: 3
   cols: 3
   dt: d
   data: [ 5.8264729438340601e+02, 0., 3.3740223181671598e+02, 0.,
       5.8430843227394769e+02, 2.5934058252874092e+02, 0., 0., 1. ]
D: !!opencv-matrix
   rows: 1
   cols: 5
   dt: d
   data: [ -3.2816758165607413e-01, 4.5751313292575688e-03,
       8.4937468042244903e-04, -1.6372153991313643e-03,
       1.3099335992672020e-01 ]
